      data dtemp /
     *   253.040384,  228.321695,  223.974426,  220.898195,  218.374231,
     *   216.826601,  216.654884,  216.650153,  216.650006,  216.650006,
     *   216.721772,  222.709784,  230.900656,  238.693341,  245.966795,
     *   252.666264,  258.730073,  264.084762,  268.755773,  272.793880,
     *   276.232390,  279.090620,  281.436129,  283.348651,  284.891747,
     *   286.146218,  287.155459,  287.875157,  288.150000/
      data stemp /
     *   253.040384,  228.321695,  223.974426,  220.898195,  218.374231,
     *   216.826601,  216.654884,  216.650153,  216.650006,  216.650006,
     *   216.721772,  222.709784,  230.900656,  238.693341,  245.966795,
     *   252.666264,  258.730073,  264.084762,  268.755773,  272.793880,
     *   276.232390,  279.090620,  281.436129,  283.348651,  284.891747,
     *   286.146218,  287.155459,  287.875157,  288.150000/
      data gtemp /
     * 0.504322979E-05,0.767007559E-05,0.100845882E-04,0.130228522E-04,
     * 0.166844213E-04,0.210915707E-04,0.263870521E-04,0.328436301E-04,
     * 0.407288284E-04,0.501802064E-04,0.611990078E-04,0.737863717E-04,
     * 0.879431903E-04,0.103541577E-03,0.120190408E-03,0.137493640E-03,
     * 0.154930840E-03,0.171843968E-03,0.187838301E-03,0.202652122E-03,
     * 0.216023581E-03,0.227690729E-03,0.237652370E-03,0.246040761E-03,
     * 0.252986734E-03,0.258752724E-03,0.263470286E-03,0.266877788E-03,
     * 0.000000000E+00/
      data rr /
     * 0.400000E-03,0.400000E-03,0.400000E-03,0.400000E-03,0.400000E-03,
     * 0.400000E-03,0.400000E-03,0.400000E-03,0.400000E-03,0.454300E-03,
     * 0.221036E-02,0.935401E-02,0.223577E-01,0.403208E-01,0.674387E-01,
     * 0.102159E+00,0.154624E+00,0.247629E+00,0.358278E+00,0.478683E+00,
     * 0.600049E+00,0.713972E+00,0.815884E+00,0.904213E+00,0.978623E+00,
     * 0.104100E+01,0.109231E+01,0.112945E+01/
      data qqo3 /
     * 0.765959E-02,0.966767E-02,0.841661E-02,0.679361E-02,0.529866E-02,
     * 0.363379E-02,0.227206E-02,0.134286E-02,0.873668E-03,0.583207E-03,
     * 0.347050E-03,0.244846E-03,0.181694E-03,0.143102E-03,0.117725E-03,
     * 0.972028E-04,0.844615E-04,0.753583E-04,0.682834E-04,0.627804E-04,
     * 0.586253E-04,0.561124E-04,0.541490E-04,0.526105E-04,0.514084E-04,
     * 0.504561E-04,0.497057E-04,0.491789E-04/
      data ppress /
     * 0.252269950E+04,0.946608180E+04,0.175904947E+05,0.282145352E+05,
     * 0.418853530E+05,0.585992671E+05,0.788456688E+05,0.103642942E+06,
     * 0.134007047E+06,0.170459725E+06,0.212998399E+06,0.261621141E+06,
     * 0.316326608E+06,0.376616982E+06,0.440977513E+06,0.507874721E+06,
     * 0.575294590E+06,0.640691308E+06,0.702537459E+06,0.759820227E+06,
     * 0.811526496E+06,0.856642914E+06,0.895164561E+06,0.927602672E+06,
     * 0.954463060E+06,0.976760487E+06,0.995003639E+06,0.100818072E+07,
     * 0.101325000E+07/
